0 0.04567307692307692 0.6045673076923077 0.056490384615384616 0.06129807692307692
0 0.06129807692307692 0.546875 0.0625 0.03245192307692308
0 0.04326923076923077 0.49278846153846156 0.027644230769230768 0.040865384615384616
0 0.10096153846153846 0.5168269230769231 0.03245192307692308 0.056490384615384616
0 0.07091346153846154 0.5096153846153846 0.026442307692307692 0.038461538461538464
0 0.13701923076923078 0.4411057692307692 0.03485576923076923 0.042067307692307696
0 0.13341346153846154 0.5324519230769231 0.037259615384615384 0.04326923076923077
0 0.16826923076923078 0.4963942307692308 0.02283653846153846 0.03365384615384615
0 0.18629807692307693 0.5528846153846154 0.020432692307692308 0.040865384615384616
0 0.21754807692307693 0.5204326923076923 0.03245192307692308 0.028846153846153848
0 0.19591346153846154 0.4050480769230769 0.036057692307692304 0.057692307692307696
0 0.22115384615384615 0.3473557692307692 0.030048076923076924 0.036057692307692304
0 0.1814903846153846 0.2704326923076923 0.02283653846153846 0.04807692307692308
0 0.3701923076923077 0.1875 0.026442307692307692 0.04927884615384615
0 0.4266826923076923 0.1622596153846154 0.021634615384615384 0.06850961538461539
0 0.45913461538461536 0.15144230769230768 0.03485576923076923 0.06971153846153846
0 0.42908653846153844 0.039663461538461536 0.038461538461538464 0.04326923076923077
0 0.8004807692307693 0.09495192307692307 0.039663461538461536 0.056490384615384616
0 0.6959134615384616 0.03365384615384615 0.03245192307692308 0.056490384615384616
0 0.8557692307692307 0.07572115384615384 0.040865384615384616 0.0625
0 0.9014423076923077 0.1310096153846154 0.03125 0.06370192307692307
0 0.8545673076923077 0.15144230769230768 0.025240384615384616 0.04567307692307692
0 0.8112980769230769 0.16826923076923078 0.030048076923076924 0.06009615384615385
0 0.8293269230769231 0.23076923076923078 0.052884615384615384 0.03245192307692308
0 0.8233173076923077 0.32211538461538464 0.04927884615384615 0.0625
0 0.8425480769230769 0.42908653846153844 0.046875 0.04326923076923077
0 0.8834134615384616 0.41225961538461536 0.042067307692307696 0.054086538461538464
0 0.8737980769230769 0.5576923076923077 0.04326923076923077 0.06370192307692307
0 0.9795673076923077 0.7103365384615384 0.03245192307692308 0.07451923076923077
0 0.6430288461538461 0.8052884615384616 0.0889423076923077 0.0673076923076923
0 0.6201923076923077 0.8665865384615384 0.03485576923076923 0.051682692307692304
0 0.5697115384615384 0.8653846153846154 0.057692307692307696 0.051682692307692304
0 0.5084134615384616 0.7920673076923077 0.05889423076923077 0.057692307692307696
0 0.4338942307692308 0.9122596153846154 0.04927884615384615 0.051682692307692304
0 0.40024038461538464 0.8197115384615384 0.036057692307692304 0.06610576923076923
0 0.38221153846153844 0.7920673076923077 0.03485576923076923 0.0673076923076923
0 0.32091346153846156 0.7944711538461539 0.04326923076923077 0.039663461538461536
0 0.30408653846153844 0.7824519230769231 0.056490384615384616 0.06009615384615385
0 0.2860576923076923 0.8197115384615384 0.056490384615384616 0.051682692307692304