0 0.4483173076923077 0.953125 0.020432692307692308 0.021634615384615384
0 0.5276442307692307 0.8245192307692307 0.04447115384615385 0.02283653846153846
0 0.42427884615384615 0.8473557692307693 0.02403846153846154 0.021634615384615384
0 0.42788461538461536 0.8149038461538461 0.03245192307692308 0.020432692307692308
0 0.4170673076923077 0.7872596153846154 0.025240384615384616 0.018028846153846152
0 0.4206730769230769 0.7776442307692307 0.020432692307692308 0.014423076923076924
0 0.41346153846153844 0.7548076923076923 0.026442307692307692 0.01201923076923077
0 0.41466346153846156 0.7283653846153846 0.026442307692307692 0.015625
0 0.40024038461538464 0.7007211538461539 0.026442307692307692 0.02403846153846154
0 0.609375 0.32211538461538464 0.039663461538461536 0.016826923076923076
0 0.4026442307692308 0.30528846153846156 0.03245192307692308 0.018028846153846152
0 0.4266826923076923 0.29447115384615385 0.04447115384615385 0.019230769230769232
0 0.49038461538461536 0.28966346153846156 0.025240384615384616 0.016826923076923076
0 0.5 0.2704326923076923 0.03245192307692308 0.01201923076923077
0 0.5216346153846154 0.2800480769230769 0.018028846153846152 0.016826923076923076
0 0.5528846153846154 0.2800480769230769 0.038461538461538464 0.01201923076923077
0 0.5769230769230769 0.28846153846153844 0.06850961538461539 0.014423076923076924
0 0.6598557692307693 0.2848557692307692 0.027644230769230768 0.020432692307692308
0 0.7055288461538461 0.30288461538461536 0.04807692307692308 0.021634615384615384
0 0.7379807692307693 0.30528846153846156 0.06009615384615385 0.02283653846153846
0 0.7475961538461539 0.28125 0.02283653846153846 0.021634615384615384
0 0.9495192307692307 0.2091346153846154 0.030048076923076924 0.013221153846153846
0 0.9399038461538461 0.19110576923076922 0.03485576923076923 0.010817307692307692
0 0.9447115384615384 0.17668269230769232 0.030048076923076924 0.01201923076923077
0 0.9375 0.15745192307692307 0.06009615384615385 0.013221153846153846
0 0.9891826923076923 0.15745192307692307 0.020432692307692308 0.013221153846153846
0 0.9819711538461539 0.18269230769230768 0.019230769230769232 0.016826923076923076
0 0.921875 0.10216346153846154 0.04326923076923077 0.02283653846153846
0 0.9362980769230769 0.07211538461538461 0.03485576923076923 0.030048076923076924
0 0.9651442307692307 0.06850961538461539 0.027644230769230768 0.018028846153846152
0 0.8894230769230769 0.055288461538461536 0.026442307692307692 0.02283653846153846
0 0.8677884615384616 0.015625 0.03365384615384615 0.015625
0 0.8100961538461539 0.03245192307692308 0.025240384615384616 0.020432692307692308
0 0.7247596153846154 0.030048076923076924 0.039663461538461536 0.020432692307692308
0 0.6682692307692307 0.008413461538461538 0.03245192307692308 0.008413461538461538
0 0.6670673076923077 0.040865384615384616 0.037259615384615384 0.028846153846153848
0 0.6310096153846154 0.026442307692307692 0.025240384615384616 0.02283653846153846
0 0.5997596153846154 0.040865384615384616 0.016826923076923076 0.019230769230769232
0 0.5540865384615384 0.08413461538461539 0.027644230769230768 0.020432692307692308
0 0.6069711538461539 0.0733173076923077 0.04927884615384615 0.02283653846153846
0 0.4362980769230769 0.14182692307692307 0.02283653846153846 0.020432692307692308
0 0.42908653846153844 0.15625 0.038461538461538464 0.02403846153846154
0 0.3581730769230769 0.1658653846153846 0.02283653846153846 0.014423076923076924
0 0.31009615384615385 0.18629807692307693 0.02403846153846154 0.014423076923076924
0 0.3641826923076923 0.18990384615384615 0.040865384615384616 0.019230769230769232
0 0.3918269230769231 0.18389423076923078 0.019230769230769232 0.02283653846153846
0 0.43028846153846156 0.18509615384615385 0.01201923076923077 0.013221153846153846
0 0.2932692307692308 0.21153846153846154 0.06129807692307692 0.019230769230769232